4294967278,41
4294967278,40
4294967278,39
4294967278,38
4294967278,37
4294967278,36
4294967278,35
4294967278,34
4294967278,33
4294967278,32
4294967278,31
4294967278,30
4294967278,29
4294967278,28
4294967278,27
4294967278,26
4,4
4294967294,30
4294967294,160
4294967294,163
4294967294,36
4294967294,39
4294967294,387
4294967294,388
4294967294,165
4294967294,113
4294967294,168
4294967294,167
4294967294,177
4294967294,180
4294967294,104
4294967294,106
4294967294,166
4294967294,24
4294967294,189
4294967294,384
4294967294,190
4294967294,451
4294967294,524
4294967294,422
4294967294,426
4294967278,348
4294967278,314
4294967278,60
4294967278,59
4294967278,313
4294967278,58
4294967278,57
4294967278,347
4294967278,56
4294967278,374
4294967278,55
4294967278,54
4294967278,53
4294967278,52
4294967278,51
4294967278,50
4294967278,49
4294967278,48
4294967278,47
4294967278,46
4294967278,45
4294967278,44
4294967278,43
4294967278,42
4294967279,77
4294967279,74
4294967279,69
4294967279,67
4294967279,65
4294967279,63
4294967279,464
4294967279,61
4294967279,60
4294967279,58
4294967279,57
4294967279,56
4294967279,54
4294967279,52
4294967279,51
4294967279,50
4294967279,49
4294967279,48
4294967279,47
4294967279,45
4294967279,42
4294967279,38
4294967279,36
4294967279,34
4294967279,31
4294967279,30
4294967279,29
4294967279,26
4294967279,24
4294967279,23
4294967279,21
4294967279,19
4294967279,18
4294967279,17
4294967279,13
4294967279,12
4294967279,10
4294967278,319
4294967278,211
4294967278,210
4294967278,209
4294967278,208
4294967278,207
4294967278,206
4294967278,204
4294967278,203
4294967278,202
326,4
326,3
326,2
326,1
4294967278,201
4294967294,390
4294967294,1423
4294967278,354
4294967278,198
4294967278,197
4294967278,196
4294967278,195
4294967279,461
4294967278,193
4294967279,194
4294967279,79
4294967279,442
4294967278,357
4294967279,192
325,4
4294967278,190
325,3
325,2
325,1
4294967278,241
4294967279,191
4294967278,189
4294967278,187
4294967278,235
4294967279,75
4294967279,319
4294967294,68
4294967294,11
4294967294,12
4294967294,10
4294967279,315
4294967279,73
4294967279,317
4294967278,351
4294967279,72
4294967279,415
4294967279,316
4294967278,183
4294967279,184
4294967294,389
4294967294,114
4294967294,115
4294967294,1416
4294967294,1048
4294967294,162
4294967294,176
4294967294,1035
4294967294,182
4294967294,1039
4294967294,1030
4294967294,1
4294967278,182
4294967279,183
4294967278,181
4294967279,414
4294967278,178
4294967278,176
4294967278,177
4294967278,352
4294967294,99
4294967294,76
4294967294,5
4294967294,1421
4294967294,440
4294967279,454
4294967279,53
4294967294,107
4294967279,413
4294967279,173
4294967279,166
4294967294,393
4294967294,45
4294967294,44
4294967294,53
4294967294,52
4294967294,1033
4294967294,395
4294967294,409
4294967294,1084
4294967294,399
4294967294,1051
4294967294,1054
4294967294,179
4294967294,178
4294967294,1081
4294967294,406
4294967294,398
4294967294,403
4294967294,183
4294967294,175
4294967294,164
4294967294,108
4294967294,412
4294967294,1083
4294967294,92
4294967294,90
4294967294,88
4294967294,86
4294967294,84
4294967294,43
4294967294,1417
4294967279,172
4294967294,42
4294967278,132
4294967278,130
4294967278,125
4294967278,123
4294967278,121
4294967278,120
4294967278,119
4294967278,118
4294967278,117
4294967278,116
4294967278,115
4294967278,114
4294967278,113
4294967278,112
4294967278,111
4294967278,110
4294967278,109
4294967278,108
4294967278,225
4294967278,107
4294967278,223
4294967278,106
4294967278,221
4294967278,105
4294967278,104
4294967278,217
4294967278,103
4294967278,102
4294967278,334
4294967278,101
4294967278,100
4294967278,99
4294967278,98
4294967278,97
4294967278,332
4294967278,96
4294967278,310
4294967278,95
4294967278,94
4294967278,324
4294967278,93
4294967278,92
4294967278,309
4294967278,91
4294967278,90
4294967278,89
4294967278,87
4294967278,363
4294967278,86
4294967278,327
4294967278,85
4294967278,326
4294967278,84
4294967278,325
4294967278,83
4294967278,82
4294967278,308
4294967278,81
4294967278,80
4294967278,323
4294967278,79
4294967278,78
4294967278,77
4294967278,76
4294967278,75
4294967278,306
4294967278,74
4294967278,297
4294967278,73
4294967278,72
4294967278,299
4294967278,71
4294967278,70
4294967278,285
4294967278,69
4294967278,68
4294967278,321
4294967278,67
4294967278,66
4294967278,137
4294967278,65
4294967278,317
4294967278,64
4294967278,63
4294967278,315
4294967278,62
4294967278,61
4294967278,0
4294967279,481
4294967279,80
4294967279,78
